1 0
1 1
1 5
1 6
1 9
1 10
1 13
1 14
3 0
3 1
3 5
3 6
3 9
3 10
3 12
3 13
3 14
5 0
5 3
5 5
5 6
5 7
5 8
5 9
5 10
5 12
5 13
5 14
7 0
7 1
7 2
7 3
7 4
7 5
7 6
7 7
7 8
7 9
7 10
7 12
7 13
7 14
9 0
9 3
9 4
9 5
9 6
9 7
9 8
9 9
9 10
9 12
9 13
9 14
11 0
11 4
11 5
11 6
11 8
11 9
11 10
11 13
11 14
13 0
13 4
13 5
13 6
13 7
13 8
13 9
13 10
13 14
15 0
15 4
15 5
15 6
15 9
15 10
15 14
17 0
17 4
17 5
17 6
17 8
17 9
17 10
17 11
17 13
17 14
17 15
19 0
19 4
19 5
19 6
19 8
19 9
19 10
19 11
19 13
19 14
21 0
21 4
21 5
21 6
21 7
21 8
21 9
21 10
21 11
21 13
21 14
23 0
23 3
23 4
23 5
23 6
23 7
23 9
23 10
23 13
23 14
25 0
25 2
25 3
25 4
25 5
25 6
25 9
25 10
25 13
25 14
27 0
27 1
27 2
27 3
27 4
27 5
27 6
27 8
27 9
27 10
27 13
27 14
29 0
29 1
29 2
29 3
29 4
29 5
29 6
29 9
29 10
29 12
29 13
29 14
31 0
31 1
31 2
31 3
31 4
31 5
31 9
31 10
31 12
31 13
31 14
33 0
33 3
33 5
33 6
33 9
33 10
33 13
33 14
35 5
35 6
35 9
35 10
35 12
35 13
35 14
37 0
37 1
37 4
37 5
37 6
37 8
37 9
37 10
37 11
37 12
37 13
37 14
39 0
39 4
39 6
39 8
39 9
39 10
39 11
39 13
39 14
41 0
41 4
41 5
41 6
41 7
41 8
41 9
41 10
41 11
41 12
41 13
41 14
43 0
43 4
43 5
43 6
43 7
43 9
43 10
43 11
43 12
43 13
43 14
45 0
45 3
45 4
45 5
45 6
45 7
45 8
45 9
45 10
45 13
45 14
47 0
47 3
47 4
47 5
47 6
47 7
47 8
47 9
47 10
47 12
47 13
47 14
49 0
49 3
49 4
49 5
49 6
49 7
49 8
49 9
49 10
49 12
49 13
49 14
51 3
51 4
51 5
51 6
51 7
51 8
51 9
51 10
51 13
51 14
53 0
53 3
53 4
53 5
53 6
53 7
53 9
53 10
53 13
53 14
53 15
55 0
55 4
55 5
55 6
55 9
55 10
55 12
55 13
55 14
57 0
57 1
57 3
57 4
57 5
57 6
57 9
57 10
57 11
57 12
57 13
57 14
59 0
59 1
59 2
59 3
59 5
59 6
59 9
59 10
59 11
59 12
59 13
59 14
61 0
61 1
61 5
61 8
61 9
61 10
61 11
61 12
61 13
61 14
63 0
63 1
63 4
63 5
63 6
63 7
63 8
63 9
63 10
63 12
63 13
65 0
65 4
65 5
65 6
65 8
65 9
65 10
65 13
65 14
67 0
67 1
67 4
67 5
67 6
67 7
67 8
67 9
67 10
67 12
67 13
67 14
69 0
69 1
69 4
69 5
69 6
69 7
69 8
69 9
69 10
69 12
69 13
69 14
71 0
71 1
71 4
71 5
71 6
71 7
71 8
71 9
71 10
71 12
71 13
71 14
73 0
73 4
73 5
73 6
73 8
73 9
73 10
73 13
73 14
75 0
75 4
75 5
75 8
75 9
75 10
75 13
75 14
77 0
77 1
77 3
77 4
77 5
77 6
77 8
77 9
77 10
77 13
77 14
79 0
79 1
79 3
79 4
79 5
79 6
79 8
79 9
79 10
79 13
79 14
81 0
81 1
81 2
81 3
81 4
81 5
81 6
81 9
81 10
81 12
81 13
81 14
83 0
83 1
83 2
83 3
83 4
83 5
83 6
83 9
83 10
83 12
83 13
83 14
85 0
85 1
85 5
85 6
85 9
85 10
85 12
85 13
85 14
87 0
87 1
87 5
87 6
87 8
87 9
87 10
87 12
87 13
87 14
89 0
89 1
89 4
89 5
89 6
89 8
89 9
89 10
89 12
89 13
89 14
91 4
91 5
91 6
91 8
91 9
91 10
91 12
91 13
91 14
93 0
93 4
93 5
93 6
93 8
93 9
93 10
93 12
93 13
93 14
95 0
95 1
95 4
95 5
95 6
95 9
95 10
95 13
95 14
97 0
97 1
97 3
97 4
97 5
97 6
97 8
97 9
97 10
97 12
97 13
97 14
99 0
99 1
99 4
99 5
99 6
99 9
99 10
99 12
99 13
99 14
